    0    0    0    0    0    0    0    0
  178  173  158  134  147  132  165  187
   94  100   85   67   56   53   82   84
   32   24   13    5   -2    4   17   17
   13    9   -3   -7   -7   -8    3   -1
    4    7   -6    1    0   -5   -1   -8
   13    8    8   10   13    0    2   -7
    0    0    0    0    0    0    0    0

  129  149  174  159  156  160  124   88
  162  179  162  185  178  162  163  135
  163  167  197  196  186  178  168  146
  170  190  209  209  209  198  195  169
  169  181  203  212  203  204  191  169
  164  184  186  202  197  184  167  165
  145  167  177  182  185  167  164  143
  158  136  164  172  165  169  137  123

  189  182  192  195  196  194  186  179
  195  199  210  191  200  190  199  189
  205  195  203  202  201  209  203  207
  200  212  215  212  217  213  206  205
  197  206  216  222  210  213  200  194
  191  200  211  213  216  206  196  188
  189  185  196  202  207  194  188  176
  180  194  180  198  194  187  198  186

  431  428  436  433  430  430  426  423
  429  431  431  429  415  421  426  421
  425  425  425  423  422  415  413  415
  422  421  431  419  420  419  417  420
  421  423  426  422  413  412  410  407
  414  418  413  417  411  406  410  402
  412  412  418  420  409  409  407  415
  409  420  421  417  413  405  422  398

  833  864  864  869  869  861  852  862
  825  862  874  883  900  867  872  842
  822  848  851  891  889  877  861  851
  845  864  866  887  899  882  899  878
  824  870  861  889  873  876  881  865
  826  815  857  848  851  859  852  847
  820  819  812  826  826  819  806  810
  809  814  820  799  837  810  822  801

 -168 -129 -112 -112 -105  -79  -90 -111
 -106  -77  -80  -77  -77  -56  -71  -83
  -84  -77  -71  -79  -74  -49  -50  -81
 -102  -72  -70  -67  -68  -61  -68  -91
 -112  -98  -73  -70  -67  -71  -85 -105
 -113  -97  -83  -73  -71  -78  -87 -103
 -121 -105  -90  -81  -80  -90  -99 -111
 -147 -128 -115 -105 -122 -108 -118 -137

